<?xml version="1.0"?>
<opencv_storage>
<camera_matrix type_id="opencv-matrix">
  <rows>3</rows>
  <cols>3</cols>
  <dt>d</dt>
  <data>
    2.8715164805958384e+03 0. 1.6462025601898299e+03 0.
    2.7714749221463762e+03 1.1795457086424253e+03 0. 0. 1.</data></camera_matrix>
<distortion_coefficients type_id="opencv-matrix">
  <rows>1</rows>
  <cols>5</cols>
  <dt>d</dt>
  <data>
    3.9187240601937297e-02 -2.7915040020874672e-02
    -6.4703758397658562e-03 4.6651674064188114e-03
    -2.3252367363119356e-01</data></distortion_coefficients>
</opencv_storage>
