<?xml version="1.0"?>
<opencv_storage>
<R11 type_id="opencv-matrix">
  <rows>3</rows>
  <cols>3</cols>
  <dt>d</dt>
  <data>
    9.9968115792851808e-01 -7.6780956653074899e-03
    2.4054715330916659e-02 -7.2939680302235733e-03
    -9.9984512835188522e-01 -1.6016158758476666e-02
    2.4173963536646755e-02 1.5835597808641105e-02
    -9.9958233944431607e-01</data></R11>
<R21 type_id="opencv-matrix">
  <rows>3</rows>
  <cols>3</cols>
  <dt>d</dt>
  <data>
    9.9612841415295139e-01 -3.2055999538137944e-03
    -8.7851617208006647e-02 4.6376099092702277e-03
    9.9985961419945713e-01 1.6101070375678768e-02 8.7787670497943254e-02
    -1.6446155229999232e-02 9.9600343819019799e-01</data></R21>
<t1 type_id="opencv-matrix">
  <rows>3</rows>
  <cols>1</cols>
  <dt>d</dt>
  <data>
    9.9842930990775003e-01 -1.3288771848134187e-03
    5.6010241943431585e-02</data></t1>
<R12 type_id="opencv-matrix">
  <rows>3</rows>
  <cols>3</cols>
  <dt>d</dt>
  <data>
    9.9959290909577447e-01 6.4965892355660360e-03
    -2.7781476090209506e-02 8.0699373882890130e-03
    -9.9834719640960456e-01 5.6901243673855739e-02
    -2.7365894759639218e-02 -5.7102274467718941e-02
    -9.9799320541505521e-01</data></R12>
<R22 type_id="opencv-matrix">
  <rows>3</rows>
  <cols>3</cols>
  <dt>d</dt>
  <data>
    9.9720640788522941e-01 -2.9823262831974937e-04
    -7.4694652619425581e-02 -3.9792725247822774e-03
    9.9835989443056705e-01 -5.7111177389024714e-02
    7.4589177920196759e-02 5.7248862433121814e-02 9.9556969735287837e-01</data></R22>
<t2 type_id="opencv-matrix">
  <rows>3</rows>
  <cols>1</cols>
  <dt>d</dt>
  <data>
    9.9971837145214903e-01 2.0480339615122104e-03 2.3642828467747016e-02</data></t2>
<R13 type_id="opencv-matrix">
  <rows>3</rows>
  <cols>3</cols>
  <dt>d</dt>
  <data>
    9.8582070247447984e-01 -1.3647225352759961e-02
    -1.6724621314963822e-01 1.5114987539416768e-02
    9.9985758681259396e-01 7.5062137579131744e-03 1.6711995609264174e-01
    -9.9277053475209515e-03 9.8588658624718406e-01</data></R13>
<R23 type_id="opencv-matrix">
  <rows>3</rows>
  <cols>3</cols>
  <dt>d</dt>
  <data>
    -9.9108452536851255e-01 4.3068296793043928e-02
    -1.2608166157858364e-01 -1.8401061090267724e-02
    -9.8149074456810792e-01 -1.9062350137874728e-01
    -1.3195781343225732e-01 -1.8660396603096979e-01
    9.7353279109421387e-01</data></R23>
<t3 type_id="opencv-matrix">
  <rows>3</rows>
  <cols>1</cols>
  <dt>d</dt>
  <data>
    -1.4742332699468683e-01 -9.2032711846151097e-02
    9.8478238337617552e-01</data></t3>
</opencv_storage>
