<?xml version="1.0"?>
<opencv_storage>
<F1 type_id="opencv-matrix">
  <rows>3</rows>
  <cols>3</cols>
  <dt>d</dt>
  <data>
    2.2470007012437197e-08 3.4781380183407371e-06
    -3.7655910135202010e-03 1.9942407154051391e-06
    -1.1267452157617240e-06 1.7772539263662546e-01
    -3.4083333394085962e-03 -1.8250683076074914e-01 1.</data></F1>
<E1 type_id="opencv-matrix">
  <rows>3</rows>
  <cols>3</cols>
  <dt>d</dt>
  <data>
    1.8527884482735452e-01 2.7680190706953773e+01 1.0740101738626979e+00
    1.5870837507569659e+01 -8.6546125296895813e+00
    4.9797658896098159e+02 -2.9262047373285762e+00
    -4.9362783775718418e+02 -7.3303291476020149e+00</data></E1>
<F2 type_id="opencv-matrix">
  <rows>3</rows>
  <cols>3</cols>
  <dt>d</dt>
  <data>
    -5.3367697406418496e-10 6.9080325397465547e-08
    -9.8885382485730533e-05 1.5097974052805612e-07
    3.2742747436819163e-07 7.8678919328654118e-03
    -1.4865661053295454e-04 -8.9662634452788437e-03 1.</data></F2>
<E2 type_id="opencv-matrix">
  <rows>3</rows>
  <cols>3</cols>
  <dt>d</dt>
  <data>
    -4.4004905388253975e-03 5.4976443459609237e-01
    -5.2492818797164109e-02 1.2015474914065296e+00
    2.5149944127482571e+00 2.3564883576329301e+01 8.1988555351761652e-02
    -2.3464214527600113e+01 1.7833540744621246e-01</data></E2>
<F3 type_id="opencv-matrix">
  <rows>3</rows>
  <cols>3</cols>
  <dt>d</dt>
  <data>
    -3.9527791192104443e-08 -2.2728229507692653e-06
    2.1162031361749434e-03 2.3221576910276306e-06
    -6.6420851053427713e-08 -3.8825198218486179e-03
    -2.0895551685029823e-03 2.8256512138056245e-03 1.</data></F3>
<E3 type_id="opencv-matrix">
  <rows>3</rows>
  <cols>3</cols>
  <dt>d</dt>
  <data>
    -3.2593062772950293e-01 -1.8087888516410064e+01
    -1.8083839445995231e+00 1.8480510951640809e+01
    -5.1018342187592247e-01 -3.8280807665463179e-01
    1.6783015106478274e+00 -2.7554618290269373e+00
    -3.0649293459682481e-01</data></E3>
</opencv_storage>
